Soulié Knot
[1, -2, 3, -4, 5, -6, 7, 1, 8, -9, 10, -11, 12, -13, -14, -5, 15, 3, 17, -18, -9, 19, 20, 14, 21, 17, 22, 8, 23, -7, -2, -22, 18, 10, 24, -25, 26, 20, 6, -15, -4, -21, 27, 12, 28, 26, 29, -24, 11, -27, -13, 28, -25, -29, 19, 23]

Twisted Trefoils
[1, -2, 3, 1, 2, 3, 4, -5, 6, -7, 5, 6, 7, 4]

Thislethwaite Unknot
[1, 2, -3, 4, 5, -6, -7, 8, -9, 10, -11, -5, 12, 1, -6, 13, -10, -14, -4, 15, 2, -9, -8, -7, 13, 11, 14, 3, 15, 12]

Hard unknot from Fig 24 of Louis H. Kauffman and Sofia Lambropoulou's Hard Unknots and Collapsing Tangles
[1, -2, 3, -4, 5, 1, -6, 7, -8, 9, 2, 3, 4, 5, -9, -6, -7, -8]
